 157 156 155 154 153 152 151 150 149 148 147 146 145
 158 111 110 109 108 107 106 105 104 103 102 101 144
 159 112  73  72  71  70  69  68  67  66  65 100 143
 160 113  74  43  42  41  40  39  38  37  64  99 142
 161 114  75  44  21  20  19  18  17  36  63  98 141
 162 115  76  45  22   7   6   5  16  35  62  97 140
 163 116  77  46  23   8   1   4  15  34  61  96 139
 164 117  78  47  24   9   2   3  14  33  60  95 138
 165 118  79  48  25  10  11  12  13  32  59  94 137
 166 119  80  49  26  27  28  29  30  31  58  93 136
 167 120  81  50  51  52  53  54  55  56  57  92 135
 168 121  82  83  84  85  86  87  88  89  90  91 134
 169 122 123 124 125 126 127 128 129 130 131 132 133
